.git
.metadata
.settings
0000
0500015
0500023
0500031
050004X
0500058
0500066
0500074
0500082
0500090
0500104
0500112
0500120
0500139
0500147
0500155
0500163
0500171
050018X
0500198
0500201
050021X
0500228
0500236
0500244
0500252
0500260
0500279
0500287
0500290
0500309
0500317
0500325
0500333
0500341
050035X
0500367
0500376
0500384
0500392
0500406
0500414
0500422
0500430
0500449
0500457
0500465
0500473
0500481
050049X
0500503
0500511
050052X
0500538
0500546
0500554
0500562
0500570
0500589
0500597
0500600
0500619
0500627
0500635
0500643
0500651
050066X
0500678
0500686
0500708
050071X
0500724
0500732
0500740
0500759
0500767
0500775
0500783
0500791
0500805
0500813
0500821
050083X
0500848
0500856
0500864
0500872
0500880
0500899
0500902
0500910
0500929
0500937
0500945
0500953
0500961
050097X
0500988
0500996
0501003
0501011
050102X
0501038
0501046
0501052
0501062
0501070
0501089
0501097
0501100
0501119
0501127
0501131
0501143
0501151
0501178
0501186
0501194
0501208
0501216
0501224
0501232
0501240
0501259
0501267
0501275
0501283
0501291
0501305
0501313
0501321
050133X
0501348
0501356
0501364
0501372
0501380
0501399
0501410
0501429
0501437
0501453
0501461
050147X
0501488
0501496
050150X
0501518
0501534
0501542
0501550
0501569
0501577
0501593
0501607
0501615
0501623
0501631
050164X
0501658
0501666
0501674
0501682
0501690
0501704
0501712
0501723
0501747
0501755
0501766
0501774
050178X
0501798
0501801
0501828
0501836
0501844
0501852
0501860
0501887
0501895
0501909
0501917
0501925
0501933
0501941
050195X
0501968
0501984
0501992
050200X
0502018
0502026
0502034
0502042
0502050
0502069
0502077
0502085
0502093
0502107
0502115
0502123
0502131
050214X
0502158
0502166
0502174
0502182
0502190
0502204
0502212
0502247
0502263
0502271
050228X
0502298
0502301
050231X
0502328
0502336
0502344
0502352
0502360
0502379
0502387
0502395
0502409
0502425
0502433
0502441
050245X
0502484
0502492
0502506
0502514
0502522
0502530
0502549
0502573
0502581
050259X
0502603
0502611
050262X
0502638
0502646
0502670
0502689
0502697
0502700
0502719
0502727
0502735
0502743
0502751
050276X
0502778
0502786
0502794
0502808
0502816
0502824
0502832
0502840
0502859
0502867
0502878
0502883
0502891
0502905
0502913
050293X
0502948
0502956
0502964
0502972
0502980
0502999
0503006
0503022
0503030
0503049
0503057
0503065
0503073
0503081
050309X
0503103
0503111
050312X
0503138
0503146
0503154
0503162
0503170
0503189
0503197
0503200
0503219
0503227
0503235
0503251
050326X
0503278
0503286
0503294
0503308
0503316
0503324
0503332
0503340
0503359
0503367
0503375
0503383
0503391
0503405
0503413
0503424
0503448
0503456
0503464
0503472
0503480
0503499
0503510
0503529
0503537
0503545
0503553
0503561
050357X
0503588
0503596
050360X
0503618
0503626
0503634
0503642
0503650
0503669
0503677
0503685
0503693
0503707
0503715
0503723
0503731
0503742
0503758
0503766
0503774
0503782
0503790
0503812
0503855
0503863
0503871
050388X
0503898
0503987
0503995
0504010
0504029
0504037
0504061
0504134
0504142
0504169
0504185
0504193
0504207
0504215
0504223
0504231
050424X
0504258
0504266
0504274
0504282
0504290
0504304
0504312
0504320
0504339
0504347
0504355
0504363
0504371
050441X
0504428
0504436
0504444
0504452
0504460
0504479
0504487
0504495
0504509
0504517
0504525
0504533
0504541
050455X
0504568
0504576
0504584
0504592
0504606
0504622
0504630
0504649
0504657
0504665
0504673
0504681
050469X
0504711
050472X
0504738
0504746
0504754
0504762
0504789
0504797
0504800
0504819
0504827
0504878
0504924
0504932
0504940
0504959
0504967
0504983
0504991
0505009
0505025
0505033
0505041
0505084
0505092
0505165
0505173
0505181
050519X
0505238
0505246
0505254
0505262
0505270
0505289
0505300
0505319
0505335
0505343
0505440
0505459
0505483
0505491
0505521
050553X
0505548
0505572
0505610
0505629
0505645
0505661
050567X
0505688
050570X
0505718
0505726
0505734
0505750
0505769
0505793
0505807
0505823
0505858
0505866
0505874
0505882
0505890
0505971
050598X
0505998
0506005
0506129
0506137
0506145
0506153
0506188
0506196
050620X
0506218
0506226
0506269
0506285
0506293
0506307
0506315
0506323
0506331
050634X
0506358
0506369
0506382
0506390
0506404
0506412
0506439
0506447
0506455
0506463
050648X
0506498
0506501
050651X
0506528
0506536
0506544
0506552
0506560
0506579
0506587
0506595
0506609
0506617
0506625
0506633
0506641
050665X
0506668
0506676
0506684
0506692
0506706
0506714
0506722
0506730
0506854
0506862
0506870
0506889
0506897
0506900
0506919
0506935
0506943
0506951
050696X
0506978
0506986
0506994
0507079
0507087
050715X
0507168
0507206
0507214
0507222
0507230
0507249
0507257
0507265
0507273
0507281
050729X
0507303
0507370
0507389
0507397
0507400
0507419
0507427
0507435
0507443
050746X
0507478
0507486
0507494
0507508
0507516
0507524
0507532
0507540
0507559
0507567
0507575
0507613
0507621
050763X
0507648
0507656
0507672
0507710
0507729
0507737
0507745
0507753
050777X
0507788
050780X
0507818
0507826
0507834
0507842
0507869
0507877
0507885
0507903
0507915
0507923
0507931
0507974
0507982
0507990
0508008
0508016
0508024
0508032
0508040
0508059
0508067
0508075
0508083
0508091
0508113
0508121
050813X
0508148
0508156
0508164
0508172
0508180
0508199
0508202
0508245
0508261
050827X
0508288
050830X
0508318
0508326
0508334
0508350
0508369
0508377
0508385
0508393
0508407
0508415
0508423
0508431
050844X
0508458
0508466
0508474
0508490
0508504
0508520
0508539
0508547
0508555
0508563
0508571
050858X
0508598
0508601
050861X
0508628
0508636
0508644
0508652
0508660
0508679
0508687
0508695
0508709
0508717
0508725
0508733
0508741
050875X
0508768
0508776
0508784
0508792
0508806
0508814
0508822
0508830
0508849
0508857
0508865
0508873
0508881
050889X
050892X
0508938
0508946
0508954
0508962
0508970
0508997
0509004
0509020
0509039
0509047
0509055
0509063
0509071
050908X
0509098
0509101
050911X
0509128
0509136
0509144
0509152
0509160
0509179
0509187
0509195
0509209
0509217
0509225
0509233
0509241
050925X
0509268
0509276
0509284
0509292
0509306
0509314
0509322
0509330
0509349
0509357
0509365
0509373
0509381
050939X
0509403
0509411
050942X
0509438
0509446
0509454
0509462
0509470
0509489
0509497
0509500
0509519
0509527
0509535
0509543
0509551
050956X
0509578
0509586
0509594
0509608
0509616
0509624
0509632
0509640
0509659
0509667
0509675
0509683
0509691
0509705
0509713
0509721
050973X
0509748
0509756
0509764
0509772
0509780
0509799
0509802
0509810
0509829
0509837
0509845
0509853
0509861
050987X
0509888
0509896
050990X
0509918
0509926
0509934
0509942
0509950
0509969
0509977
0509985
0509993
0510015
0510023
0510031
051004X
0510058
0510066
0510074
0510082
0510090
0510104
0510112
0510120
0510139
0510147
0510155
0510163
0510171
051018X
0510198
0510201
051021X
0510228
0510236
0510244
0510252
0510260
0510279
0510287
0510295
0510309
0510317
0510325
0510333
0510341
051035X
0510368
0510376
0510384
0510392
0510406
0510414
0510422
0510430
0510449
0510457
0510465
0510473
0510481
051049X
0510503
0510511
051052X
0510538
0510546
0510554
0510562
0510570
0510589
0510597
0510600
0510619
0510627
0510635
0510643
0510651
051066X
0510678
0510686
0510694
0510708
0510716
0510724
0510732
0510740
0510759
0510767
0510775
0510783
0510791
0510805
0510813
0510821
051083X
0510848
0510856
0510864
0510872
0510880
0510899
0510902
0510910
0510929
0510937
0510945
0510953
0510961
051097X
0510988
0510996
0511003
0511011
051102X
0511038
0511046
0511054
0511062
0511070
0511089
0511097
0511100
0511119
0511127
0511135
0511143
0511151
051116X
0511178
0511186
0511194
0511216
0511224
0511232
0511240
0511259
0511267
0511275
0511283
0511577
0511585
0511593
0511607
0511615
0511623
0511631
051164X
0511658
0511666
0511690
0511704
0511712
0511720
0511739
0511755
0511771
051178X
0511798
0511801
051181X
0511828
0511836
0511844
0511852
0511879
0511887
0511895
0511909
0511917
0511925
0511933
0511941
051195X
0511968
0511976
0511984
0511992
051200X
0512018
0512026
0512034
0512042
0512050
0512077
0512085
0512093
0512099
0512107
0512115
0512148
0512156
0512164
0512204
0512212
0512220
0512239
0512247
0512255
0512263
0512271
051228X
0512298
0512301
051231X
0512328
0512336
0512344
0512352
0512360
0512379
0512387
0512395
0512409
0512417
0512425
0512433
0512441
051245X
0512476
0512484
0512492
0512506
0512514
0512522
0512530
0512549
0512557
0512565
0512573
0512581
051259X
0512603
0512611
051262X
0512638
0512646
0512654
0512662
0512670
0512689
0512697
0512700
0512719
0512727
0512735
0512743
0512751
051276X
0512778
0512786
0512794
0512808
0512816
0512824
0512832
0512840
0512859
0512867
0512875
0512883
0512891
0512905
0512913
0512921
051293X
0512948
0512956
0512964
0512972
0512980
0512990
0513006
0513014
0513022
0513030
0513049
0513057
0513065
0513073
0513081
051309X
0513103
0513111
051312X
0513138
0513146
0513154
0513162
0513170
0513189
0513197
0513200
0513219
0513227
0513235
0513243
0513251
051326X
0513278
0513286
0513316
0513324
0513332
0513340
0513359
0513367
0513375
0513383
0513391
0513405
0513413
0513421
051343X
0513464
0513472
0513480
0513499
0513502
0513510
0513529
0513537
0513545
0513553
0513561
051357X
0513588
0513596
051360X
0513618
0513626
0513634
0513642
0513650
0513669
0513677
0513685
0513688
0513707
0513715
0513723
0513731
051374X
0513758
0513766
0513774
0513782
0513790
0513804
0513812
0513820
0513839
0513847
0513855
0513863
0513871
051388X
0513898
0513901
051391X
0513928
0513936
0513944
0513952
0513960
0513979
0513987
0513995
0514002
0514010
0514029
0514037
0514045
0514053
0514061
051407X
0514088
0514096
051410X
0514118
0514126
0514134
0514142
0514150
0514258
0514266
0514282
0514290
0514304
0514312
0514320
0514339
0514347
0514355
0514363
0514371
051438X
0514398
0514401
051441X
0514428
0514436
0514444
0514452
0514460
0514479
0514487
0514495
0514509
0514517
0514525
0514533
0514541
051455X
0514568
0514576
0514584
0514592
0514606
0514614
0514622
0514630
0514649
0514657
0514665
0514673
0514681
051469X
0514703
0514711
051472X
0514738
0514746
0514754
0514762
0514770
0514789
0514797
0514800
0514819
0514827
0514835
0514843
0514851
051486X
0514878
0514886
0514894
0514902
0514910
0514924
0514932
0514940
0514959
0514967
0514975
0514983
0514991
0515009
0515025
0515033
0515041
051505X
0515068
0515077
0515084
0515092
0515106
0515114
0515122
0515130
0515149
0515157
0515165
0515173
0515181
051519X
0515203
0515211
0600083
Arquivos Soltos
demo
Documentação Importante
img
RemoteSystemsTempFiles
src
target
teste
teste_01
utilitarios
